$ANSIBLE_VAULT;1.1;AES256
30376238616330646263353336663132313133333732316230663062336531396163613334346336
6462313530396266623930333539353931653933336530350a633039663562666565613634613132
63633063653033656131306361303831366233396136633239656432383339383532353435636661
6561323531633037330a643862616663356135626466366338633165653864666532626264623339
63353963303161663533613639323437323361306139316436353532643235333365333334366664
38303063666236376434376338353835333334643931653737323736376537323234373834313535
39623434313139636565663937636630346337613132366131663132356435313834306533633032
61646632656661373230353464373263303634336365636664373965383839383361366261643838
31373333343231326664613762323435333862656663653338366363306162613764326266636230
39666662613933376139313038363561633930333735316538376530323634393632373434386130
39303063333865376538363531386566623664353535653939346662333762333331343230303636
30333235363635366435323066653765393638376433333231383132323661373661663438613064
33663232343062643934306438323234636132366138323163343163363364376164306635396466
61663261623537643633646362353761356461616138313966353461343563386537363632386434
64666465633866613861356662636535316666333835373134383733373231616434343962663166
31343931346634303961316133323062336163356330643535613631356530333933306532313166
66643564616238306439633631623164333436383039653463326136383233643463393634636437
35663930666662303630386432336639353364353666646563303561383837316137613965396662
36373835666439643232333461643861636162616135643237386631326561613732323062396465
34306363363935323132313361613434656561653239393634343665366533303639666234363632
33333034373264386235343865616136333138343638363837613232326539666531666562633265
61646262656332396439336139643762393163363963363363363637373238663232346166363463
38323236343263613531393036616135383431626337346137346133363861343861613239326364
37303461633630333537373432663234343033313763353664653963303436313665376236613765
32363661656462333630656632333165366437633835356236346665396338306537626132326133
61646265373831613639616562613638363137613135636466303962373435376538383438363864
31346336386132356565313865623761326463303739373865383832616564386435326363343336
33376138376265646135613936333733316639333332383766376639393730666163666334643563
64373032663535303937363164656263356661633932353264643632643466343863376132323834
64643039656661613030626631346564663136336361323134396264656233326161353832393833
31323964383431396136323631333735316530373233643336663233326565616634383734326366
35373335376261666130643665363662656130623132366565666237303737636331646439323364
32376366636331663966376231323764356231373765613862663738633261633331653039313434
35343661656266636265653930633861663133653562333032653335323336396231393039326434
64363336303731343537626638393831653832363734313661303164376361636161333361303130
36623336376333373361306339393730653063333365663663626238646236323566313936326538
36653561393361386231383531666135343038306138333665323230313337323430353136386561
65316666633237653430313231363432353834646637393134323532363030366131366439653562
33333662316333643962656463326361613662373937633831646531363966346137316531323638
36376365316465643962663332623531636435666137393164333166346664623930303462323039
66393662343764393961353563343463643735343231666262313531616132636462353463366135
35393462383538666264323062373162653361643530303962346636633233353839393137623234
32313565336438373230666439366237616138336465316431313839383961353761373238666137
66646335386466373535
